taxa	CGG3_016617	CGG3_016628	CGG3_016635	CGG3_016637	CGG3_016641	CGG3_016643	CGG3_016645	CGG3_016647	CGG3_016649	CGG3_016651	CGG3_016652	CGG3_016653	CGG3_016654	CGG3_016656	CGG3_016658	CGG3_016660	CGG3_016662	CGG3_016664	CGG3_016666	CGG3_016668	CGG3_016670	CGG3_017392	CGG3_017396	CGG3_017399	CGG3_017402	CGG3_017405	CGG3_017408	CGG3_017411	CGG3_017414	CGG3_017417	CGG3_017420	CGG3_017431	CGG3_017442	CGG3_017453	CGG3_017464	CGG3_017475	CGG3_017486	CGG3_017497	CGG3_017508
3246:Selaginella:genus	4	6	3	5	4	1	1	3	1	5	1	4	3	0	1	4	2	2	1	4	2	2	1	2	4	1	2	2	4	2	2	1	5	0	1	2	2	2	6
3251:Lycopodium:genus	0	0	0	0	0	0	0	0	0	0	0	0	0	0	0	0	0	0	0	0	0	0	0	0	0	0	0	0	0	0	0	1	0	0	0	0	0	0	0
3257:Equisetum:genus	258	84	251	192	208	166	369	81	65	53	30	65	9	82	352	16	13	0	2	2	5	6	13	2	6	9	16	11	32	21	141	311	288	84	276	130	70	202	705
3278:Polystichum:genus	0	0	1	0	1	0	0	1	0	0	0	0	0	3	0	0	0	1	0	0	0	0	1	1	0	0	0	0	0	0	0	0	0	0	0	0	0	0	1
3287:Dryopteris:genus	2	4	14	18	12	8	5	4	4	14	7	1	4	220	79	42	1	0	39	11	5	1	2	2	1	2	1	0	0	2	0	3	1	2	1	1	1	1	1
3325:Larix:genus	0	1	0	1	1	0	0	0	1	1	2	0	0	0	0	0	0	0	0	1	0	1	1	0	4	0	0	0	0	0	0	0	0	0	0	0	0	2	0
3328:Picea:genus	34	39	30	37	32	23	26	23	34	46	24	26	29	22	33	16	20	24	12	30	22	12	11	13	13	21	15	19	30	12	21	32	23	23	31	27	19	46	32
3337:Pinus:genus	2	1	3	0	2	1	2	1	1	0	2	1	2	1	1	1	0	0	0	3	0	0	1	2	1	2	3	2	1	0	0	0	2	0	2	4	0	1	4
3445:Ranunculus:genus	72	59	230	125	156	118	81	60	131	218	197	135	26	82	81	34	13	2	4	4	12	1	6	4	7	8	8	8	19	9	130	197	230	62	338	77	81	47	298
3448:Caltha:genus	1	1	10	11	15	2	1	4	8	14	27	18	3	12	4	1	1	0	0	0	0	0	0	0	0	0	0	0	0	0	5	3	4	0	4	4	3	1	17
3468:Papaver:genus	0	0	1	0	1	1	0	0	1	0	0	0	0	0	1	0	0	1	0	0	0	0	0	0	0	2	0	0	0	0	0	0	0	0	2	1	0	1	0
3500:Urtica:genus	0	1	1	1	1	2	1	0	3	7	4	0	1	4	1	0	1	2	1	2	0	0	0	0	0	1	0	1	0	1	0	2	1	3	1	2	0	0	3
3504:Betula:genus	76	145	351	262	403	265	360	178	281	203	198	299	36	160	142	88	11	2	4	6	12	7	3	4	3	9	2	1	4	4	38	5	10	1	28	3	3	21	78
3515:Alnus:genus	1	3	8	2	4	4	7	3	3	4	6	3	1	1	3	1	1	0	0	0	0	1	0	0	0	0	0	0	0	0	1	0	1	0	1	0	0	0	1
3550:Atriplex:genus	2	5	6	3	9	7	11	7	8	41	17	8	8	23	20	24	8	1	2	1	0	2	0	0	1	1	1	0	0	1	1	10	10	8	2	2	6	1	5
3573:Silene:genus	3	2	9	3	6	3	2	2	9	8	3	3	2	1	4	30	3	0	1	5	3	0	1	0	1	0	0	1	1	1	3	2	3	0	1	5	0	4	4
3577:Arenaria:genus	0	1	0	0	0	0	0	0	0	0	0	0	0	0	0	0	0	0	0	0	0	0	0	0	0	0	0	0	0	0	0	1	0	0	0	0	0	0	0
3579:Cerastium:genus	0	1	0	1	0	0	0	0	0	2	0	0	0	0	0	1	0	0	0	0	0	0	0	0	0	0	0	0	0	0	0	1	0	1	0	0	0	0	1
3618:Rumex:genus	3	14	19	15	27	20	7	7	6	20	8	5	0	0	24	6	3	0	1	1	1	1	0	2	2	4	1	2	0	2	30	5	11	2	4	0	0	8	8
3689:Populus:genus	1149	1874	3698	2425	2553	2315	10298	2589	6090	3597	6020	7526	1398	2130	1287	864	675	545	476	3146	546	728	1204	324	248	335	3181	249	458	220	509	825	757	512	762	728	491	1375	2365
3701:Arabidopsis:genus	126	180	198	162	166	170	191	159	154	177	112	145	153	140	107	143	178	164	148	183	142	68	92	61	77	96	85	74	126	76	133	137	114	115	163	147	115	214	172
3718:Capsella:genus	6	1	3	6	11	6	5	7	0	3	1	1	1	1	2	0	1	1	1	3	0	0	0	2	0	3	0	0	0	0	23	1	1	0	2	1	0	3	2
3746:Fragaria:genus	64	90	388	360	306	118	242	67	228	124	57	71	8	41	13	9	6	5	5	2	6	4	3	6	2	3	5	0	5	16	21	15	22	15	69	76	22	48	178
3761:Geum:genus	0	10	2	2	1	1	0	0	10	5	6	6	1	1	2	0	1	0	0	0	0	0	0	0	0	0	0	0	0	0	0	1	0	0	0	0	0	1	1
3764:Rosa:genus	14	9	31	30	21	11	20	12	20	19	9	4	3	5	9	3	4	1	0	4	3	13	41	1	2	2	3	3	3	1	5	2	6	4	7	6	3	2	15
3784:Sedum:genus	1	1	2	2	5	0	2	3	3	21	8	5	2	3	0	0	0	0	0	0	1	0	0	0	0	0	0	0	0	0	0	4	6	3	2	2	0	0	3
3796:Parnassia:genus	10	13	9	11	14	6	3	3	8	11	9	5	3	2	3	0	1	1	1	0	0	0	1	0	0	2	0	0	0	0	2	1	6	2	3	4	3	9	6
3798:Saxifraga:genus	2	2	0	3	3	2	3	3	11	29	13	10	3	7	3	2	2	0	1	0	0	0	0	0	0	0	0	0	0	0	1	6	5	0	5	7	3	0	2
3801:Ribes:genus	0	0	0	0	0	0	1	0	1	4	3	1	2	2	0	1	0	0	0	0	0	1	0	1	0	1	6	4	5	3	0	1	3	0	1	1	1	0	0
3853:Lathyrus:genus	0	1	1	1	2	2	3	4	5	12	5	2	3	3	0	1	0	0	0	0	2	0	0	0	0	0	0	1	1	1	0	1	5	0	1	3	2	1	2
3869:Lupinus:genus	6	5	4	3	5	1	1	2	4	8	1	0	2	3	3	2	0	1	2	3	0	1	1	0	1	2	4	2	0	2	3	5	4	2	6	7	0	6	2
3898:Trifolium:genus	1	3	1	1	4	2	2	1	7	5	5	5	3	5	4	1	2	0	5	2	1	7	7	0	137	0	2	0	3	3	6	4	2	5	2	4	1	5	6
3904:Vicia:genus	0	1	0	0	1	1	0	0	1	2	2	0	0	2	0	1	1	0	0	0	0	0	1	0	0	0	0	0	1	0	3	0	0	0	1	0	0	0	1
4005:Linum:genus	0	2	3	4	1	3	2	2	3	19	3	1	1	3	1	1	0	0	0	1	0	1	0	1	1	0	1	0	0	1	1	2	1	1	1	3	0	2	1
4028:Geranium:genus	63	69	244	145	181	104	133	93	111	83	48	25	16	23	31	15	5	2	5	5	4	0	1	0	0	2	1	3	2	0	3	6	10	5	4	11	5	21	14
4034:Oxalis:genus	1	1	0	1	4	0	3	4	3	15	7	6	3	2	0	1	1	0	2	1	2	2	0	1	0	1	0	0	1	0	2	2	2	3	0	0	0	2	2
4048:Hydrocotyle:genus	0	0	0	0	0	0	0	2	0	0	0	0	1	0	0	0	0	0	0	0	0	0	0	0	0	0	0	0	0	0	0	0	3	0	0	1	1	0	0
4154:Mimulus:genus	0	0	0	0	0	0	1	1	0	0	2	0	0	0	0	0	0	0	0	0	0	0	0	0	0	0	0	0	0	0	0	0	0	0	0	0	0	0	0
4173:Veronica:genus	1	2	0	0	1	0	1	0	3	4	0	1	0	3	1	0	0	0	0	0	0	0	0	1	0	1	2	0	1	0	0	3	0	0	0	1	2	0	0
4197:Pinguicula:genus	0	0	0	0	0	0	1	0	1	0	0	1	2	1	0	0	1	0	0	0	0	0	0	0	0	0	0	1	0	0	0	1	1	0	0	0	0	0	0
4281:Cornus:genus	0	0	1	2	1	0	0	0	3	15	5	5	2	4	1	1	1	1	0	1	1	0	0	0	0	0	0	0	0	0	1	2	1	0	1	2	0	3	0
4363:Drosera:genus	1	0	1	0	1	1	1	3	3	12	2	1	2	1	0	0	0	0	0	2	1	0	0	0	0	0	0	0	0	0	1	3	2	4	4	2	0	3	1
4544:Poa:genus	16	23	106	38	60	28	20	16	3	5	1	0	0	1	3	3	1	0	0	2	0	0	1	2	0	7	7	5	6	2	40	7	2	9	11	1	0	7	49
4605:Festuca:genus	19	13	26	12	19	21	31	9	13	16	4	4	1	5	11	20	60	36	4	3	3	1	0	0	1	4	5	5	12	8	28	7	9	8	10	5	2	4	17
4678:Allium:genus	2	4	3	2	2	4	1	0	3	11	6	8	1	3	4	0	3	5	3	3	1	0	0	1	3	0	3	1	3	1	2	3	4	3	3	3	1	3	4
4729:Sparganium:genus	0	1	0	2	0	1	0	0	0	0	0	0	0	2	1	0	0	1	0	0	0	0	0	0	0	0	0	0	1	0	0	0	1	1	0	2	0	0	1
9625:Vulpes:genus	1024	1255	1142	1239	1049	1155	1208	1045	799	925	607	854	844	740	838	884	1164	1083	897	1121	980	475	478	437	409	768	461	439	912	388	671	768	628	808	822	762	728	1356	993
9639:Ursus:genus	3685	4368	4208	4119	3614	4111	4232	3740	2619	3091	2040	2905	2972	2451	2871	3322	3932	3775	3387	3982	3376	1469	1757	1578	1437	2763	1505	1525	3353	1190	2171	2881	2209	3094	2751	2688	2455	4710	3412
9665:Mustela:genus	803	883	884	872	755	836	930	722	564	610	433	583	599	501	628	673	806	797	641	750	656	327	393	315	334	565	322	343	621	275	460	595	470	614	611	550	492	927	717
9717:Phoca:genus	0	0	0	0	0	0	0	0	0	0	0	0	0	0	0	1	0	0	0	1	1	0	0	0	0	0	0	0	0	0	0	0	0	0	0	0	0	0	0
9789:Equus:genus	7778	10363	8825	9468	8204	8617	8803	7969	5834	6461	4614	5907	6104	5320	6118	6498	8050	7513	6595	7777	6809	3022	3449	3141	3009	5423	3144	3226	6740	2836	5149	5968	4618	6112	6071	5669	5106	9470	7634
9903:Bos:genus	3324	3351	4089	5598	4057	3607	3089	2878	1769	1938	1302	1745	1766	1455	1830	2037	2357	2378	1964	2325	2104	892	1057	913	860	1689	967	968	2069	839	1693	1841	1413	1937	1946	1705	1529	2853	2406
9922:Capra:genus	0	0	0	0	0	1	0	0	0	0	0	0	0	0	0	0	0	0	0	0	0	0	0	0	0	1	0	0	0	0	0	0	0	0	0	0	0	0	0
9935:Ovis:genus	796	954	900	1261	1062	964	788	754	472	526	333	450	494	433	467	535	619	637	547	664	551	219	247	246	260	454	314	364	622	285	595	458	349	495	457	445	461	811	739
10088:Mus:genus	802	911	901	884	781	845	918	819	645	817	561	704	647	649	688	775	911	800	732	911	776	300	359	352	263	545	332	336	714	280	536	603	539	700	655	617	551	974	848
10114:Rattus:genus	1407	1647	1526	1585	1332	1403	1555	1335	1050	1174	823	1028	1109	976	1199	1311	1472	1433	1295	1459	1230	516	577	577	521	983	565	589	1194	447	836	1079	784	1087	1023	1083	1012	1809	1335
13054:Epilobium:genus	4	4	3	0	1	3	2	8	2	2	3	11	0	1	1	1	0	0	0	0	0	0	1	0	0	0	0	0	0	0	0	1	0	1	1	0	0	0	0
13100:Juniperus:genus	1	1	7	2	4	4	6	7	13	3	7	5	3	5	5	0	1	2	0	48	0	0	1	0	0	1	2	0	1	0	2	1	0	0	2	0	1	4	0
13228:Potamogeton:genus	707	922	268	258	270	34	73	44	9	2	11	54	97	166	5	0	0	0	0	0	0	41	18	5	12	53	81	28	66	66	171	276	353	96	437	581	492	384	804
13273:Stellaria:genus	2	4	4	3	8	2	1	0	6	2	0	0	0	0	0	0	0	0	0	0	0	0	0	0	2	4	1	0	1	0	2	0	1	0	1	0	0	0	14
13328:Achillea:genus	0	1	0	0	1	0	0	2	0	3	0	0	1	0	0	0	0	0	1	0	0	1	4	0	0	0	0	0	0	0	0	1	0	2	1	1	0	1	0
13380:Callitriche:genus	3	4	11	14	18	116	194	58	563	420	132	209	113	424	232	5	1	1	0	0	0	0	1	0	0	0	2	0	0	0	2	2	3	0	6	1	0	1	4
13398:Carex:genus	580	710	2451	1310	1393	940	2046	715	606	556	326	588	292	190	431	61	28	5	13	21	91	8	18	12	96	113	146	124	207	168	742	353	482	202	352	307	148	341	1717
13464:Crepis:genus	0	0	0	0	0	0	0	0	0	0	0	0	0	0	0	1	0	0	1	0	0	0	0	0	0	0	0	0	0	0	0	0	0	0	0	0	0	1	0
13578:Juncus:genus	59	77	383	127	163	150	136	66	5	13	3	2	0	1	3	12	3	5	1	2	2	1	2	4	2	9	8	8	8	7	42	9	8	63	33	14	4	24	225
13648:Puccinellia:genus	1	0	1	0	0	3	0	0	2	8	0	1	1	2	18	18	19	0	2	4	4	0	0	0	0	0	0	0	0	0	0	0	0	0	0	0	0	0	0
13650:Pyrola:genus	0	0	0	0	0	1	0	0	0	0	0	0	0	0	0	0	0	0	0	0	0	0	0	0	0	0	0	0	0	0	0	0	0	0	1	0	0	0	0
13747:Utricularia:genus	0	3	1	3	1	5	1	4	3	10	2	0	4	5	2	2	2	1	1	1	0	0	0	0	0	0	0	0	0	0	1	2	5	1	3	2	1	6	4
13749:Vaccinium:genus	9	3	9	10	13	5	14	16	2	4	3	3	4	0	2	2	0	0	0	1	0	0	1	0	0	1	2	1	2	2	5	3	4	31	2	0	1	5	348
13757:Viola:genus	8	6	12	7	8	9	10	5	5	21	5	6	3	5	0	3	2	2	0	0	0	1	0	0	0	0	2	1	0	2	1	3	5	1	3	1	2	2	13
13829:Botrychium:genus	0	2	1	1	3	4	3	2	0	2	6	13	2	2	1	0	2	0	2	0	0	0	2	1	0	0	0	0	0	0	0	3	0	0	1	1	1	1	1
13833:Ophioglossum:genus	4	2	2	3	0	2	1	0	2	2	3	2	1	1	2	3	1	1	1	4	2	1	1	0	1	2	1	0	0	0	2	3	1	3	2	3	0	5	3
13838:Isoetes:genus	19	6	4	4	8	5	26	13	16	49	17	12	8	11	8	1	3	0	4	2	0	0	0	0	0	1	0	0	10	4	37	136	117	35	120	53	74	215	53
15297:Agrostis:genus	14	12	17	14	10	9	8	6	3	6	0	1	0	0	1	0	0	0	0	0	0	0	0	0	1	2	3	1	1	2	6	1	4	1	2	1	0	3	5
15303:Alopecurus:genus	15	0	2	0	0	0	0	0	0	0	0	0	0	0	1	0	0	0	0	0	0	0	0	0	0	1	1	0	1	0	3	4	3	1	0	0	0	1	20
15324:Anthoxanthum:genus	3	0	5	2	12	1	3	2	0	2	1	0	1	0	1	0	0	0	0	1	0	0	1	0	0	0	0	1	1	0	4	0	0	1	0	0	0	0	1
15376:Calamagrostis:genus	1	0	0	0	0	0	0	0	0	0	0	0	0	0	1	0	0	0	0	0	0	0	0	0	0	0	0	0	0	0	0	0	1	0	0	0	0	0	1
15452:Deschampsia:genus	88	66	98	98	104	84	78	56	27	28	7	10	3	3	10	12	4	6	1	3	5	4	3	1	14	16	17	16	25	16	49	73	39	17	21	20	25	31	265
15492:Elymus:genus	3	1	2	1	6	2	2	2	4	2	0	2	0	0	9	10	2	0	3	4	3	0	0	0	0	0	0	1	0	0	1	0	0	0	0	0	0	1	1
15956:Phleum:genus	0	0	0	0	0	0	0	0	0	0	0	0	0	0	0	0	1	0	0	0	0	0	0	0	0	0	1	0	0	0	0	0	0	0	0	0	0	0	0
16365:Ruppia:genus	2	2	2	3	1	1	0	3	1	0	3	2	1	3	2	3	0	1	0	0	3	1	1	1	5	4	8	4	3	2	13	9	5	1	4	4	1	0	1
18794:Senecio:genus	0	1	0	0	0	1	0	0	0	0	0	0	0	0	1	0	0	0	0	0	1	0	0	0	0	1	0	0	0	0	0	1	0	0	0	0	0	0	1
19952:Valeriana:genus	1	0	0	1	1	3	1	4	6	9	2	15	1	3	17	0	1	0	0	0	0	0	0	0	1	0	0	0	2	0	0	3	1	2	1	3	1	2	2
21496:Gentiana:genus	4	5	4	4	7	3	9	5	31	52	21	11	9	19	11	1	1	5	1	0	0	1	4	2	0	0	0	2	3	0	3	11	18	4	10	12	5	4	7
21819:Mentha:genus	0	0	0	1	0	0	2	0	0	0	0	0	0	0	0	1	1	0	0	1	0	0	0	0	0	0	0	0	2	1	0	0	0	1	1	0	1	1	0
23138:Alchemilla:genus	9	1	4	4	5	2	1	0	1	2	5	2	0	0	0	0	0	0	0	2	0	4	0	2	0	1	0	0	3	1	6	0	2	1	2	2	2	13	49
23170:Filipendula:genus	54	50	127	114	132	111	157	98	175	102	129	94	27	45	135	51	6	2	10	5	6	0	0	0	0	1	0	0	0	2	2	11	3	0	3	2	0	19	90
23204:Potentilla:genus	27	29	88	170	47	21	22	15	9	17	7	3	3	1	2	1	0	0	0	1	0	5	2	8	0	0	0	1	2	1	1	1	13	2	19	18	3	14	89
23204:Argentina:genus	27	29	88	170	47	21	22	15	9	17	7	3	3	1	2	1	0	0	0	1	0	5	2	8	0	0	0	1	2	1	1	1	13	2	19	18	3	14	89
23216:Rubus:genus	6	8	17	15	19	7	17	2	11	9	2	3	2	3	2	5	3	0	2	1	3	0	0	0	0	0	0	0	1	0	0	0	2	2	0	1	0	1	9
23222:Sorbus:genus	0	1	1	6	3	3	7	2	1	0	1	0	0	0	1	3	0	0	0	0	0	1	0	0	2	1	1	1	0	0	0	0	0	0	0	0	0	0	0
24952:Myriophyllum:genus	720	1725	1851	2046	2564	2022	2969	2799	6655	19807	8526	3432	3401	4651	3142	769	821	164	8	7	47	5	6	2	12	16	14	6	251	109	586	4240	5453	2828	2620	4188	2640	1826	3202
25168:Galium:genus	1	3	7	8	7	5	4	1	3	1	2	0	0	0	1	2	1	1	0	1	1	0	0	0	0	0	1	0	0	2	6	0	2	2	1	11	0	1	2
26867:Plantago:genus	25	16	11	3	10	0	8	2	14	16	10	9	5	15	16	43	25	1	2	11	7	1	1	0	2	3	7	9	3	10	12	6	22	8	15	6	6	24	65
27253:Zannichellia:genus	0	0	2	1	0	0	0	0	0	0	0	0	0	0	0	0	2	0	0	0	0	0	0	0	0	0	0	0	0	0	0	0	0	0	0	0	2	0	0
27257:Zostera:genus	2	3	0	3	0	0	0	1	0	1	2	0	0	2	34	97	67	57	8	15	13	0	0	0	0	1	8	1	2	2	4	3	3	1	1	2	1	0	4
29610:Woodsia:genus	0	0	0	0	0	0	1	0	0	0	0	0	0	26	0	0	0	0	1	1	0	0	0	0	0	0	0	0	0	0	0	0	0	0	0	0	0	1	1
32071:Asplenium:genus	1	1	0	3	1	0	0	0	2	4	2	0	1	12	1	0	2	0	2	1	1	1	0	1	0	1	1	1	1	0	0	0	2	0	1	0	1	3	0
32109:Athyrium:genus	1	2	10	12	27	5	1	6	1	7	2	3	0	24	80	52	1	0	0	11	6	0	0	0	0	1	0	0	0	0	0	0	0	0	0	0	0	0	0
32111:Cystopteris:genus	2	2	3	3	2	2	0	3	0	0	0	0	2	251	0	0	0	0	0	1	2	1	0	0	0	0	0	0	1	0	0	0	0	0	0	0	0	1	0
32115:Gymnocarpium:genus	0	0	0	1	0	1	3	2	0	0	0	0	0	104	0	0	0	0	0	1	0	0	0	0	0	0	0	0	0	0	0	0	0	0	0	0	0	0	0
37428:Huperzia:genus	0	1	0	0	0	5	0	0	2	1	0	0	0	0	0	0	0	0	2	0	1	0	1	0	0	0	1	0	1	1	0	0	0	1	0	0	1	0	1
37871:Glyceria:genus	1	0	0	0	0	0	0	0	0	0	0	0	0	1	0	0	0	0	0	0	0	0	0	0	0	1	0	0	0	0	0	0	0	0	1	0	0	0	0
38352:Polypodium:genus	0	0	0	0	0	0	0	0	0	0	0	1	0	0	0	1	0	1	0	0	0	0	0	0	0	0	0	0	0	0	0	0	0	0	0	0	0	0	0
38386:Hymenophyllum:genus	0	0	0	0	0	1	0	1	0	5	1	2	0	0	0	3	0	0	0	0	0	1	0	0	1	0	0	0	1	0	0	1	1	1	1	0	1	1	0
38595:Ajuga:genus	1	1	0	0	0	0	3	1	3	4	5	4	2	4	1	1	0	1	0	0	0	0	2	0	0	1	1	0	0	0	0	0	2	2	1	1	1	4	1
39200:Hippuris:genus	0	0	9	2	8	2	3	1	1	0	0	1	0	1	1	0	0	0	0	0	0	0	0	0	0	0	0	0	0	0	0	0	0	0	0	0	0	0	0
40568:Campanula:genus	0	5	0	2	1	2	1	2	5	12	6	2	2	1	2	2	2	0	0	0	1	0	1	1	0	1	0	1	2	0	3	2	7	1	1	3	1	1	7
40685:Salix:genus	92	155	485	268	285	257	1107	339	1823	693	1770	1310	241	532	276	203	129	11	27	988	65	34	99	38	58	16	843	13	14	21	78	42	44	7	41	31	20	98	237
40948:Angelica:genus	1	2	4	1	7	2	0	0	2	2	0	1	0	2	2	1	0	0	0	0	0	0	1	0	0	0	0	1	1	0	0	0	0	0	0	0	0	1	0
41475:Antennaria:genus	0	0	0	0	0	0	0	0	0	0	1	0	0	0	0	0	0	0	0	0	0	0	0	0	0	0	0	0	0	0	0	0	0	0	0	0	0	0	0
41503:Centaurea:genus	0	0	0	0	0	0	0	0	1	0	0	0	0	0	0	0	0	0	0	0	0	0	0	1	0	0	0	0	0	0	0	0	0	0	0	0	0	0	0
41549:Cirsium:genus	0	0	0	0	1	0	0	0	0	0	0	0	0	0	0	0	0	0	0	0	0	0	0	0	0	0	1	0	1	0	0	0	0	0	1	1	0	0	0
41574:Erigeron:genus	0	2	1	1	1	1	0	3	3	2	3	0	0	0	0	0	0	1	0	0	0	0	0	1	0	0	1	0	0	0	0	0	1	0	0	2	0	3	1
42047:Danthonia:genus	0	0	0	0	0	0	0	0	0	0	0	0	0	0	0	0	0	0	0	1	0	0	0	0	0	0	0	0	0	0	0	0	0	0	0	0	0	0	0
43174:Pedicularis:genus	0	0	1	0	0	1	1	1	3	3	3	2	2	2	2	1	0	0	0	1	1	0	0	0	0	0	1	0	1	0	0	2	1	1	3	3	0	2	0
45918:Empetrum:genus	0	2	0	4	1	1	2	1	0	3	3	0	0	1	1	0	0	0	0	0	0	0	0	0	0	0	1	0	1	1	2	0	0	0	2	1	0	1	3
46053:Euphrasia:genus	11	7	0	1	5	1	0	4	5	1	1	1	0	0	2	0	0	0	0	0	0	0	0	0	0	0	1	0	0	0	1	0	2	0	0	0	0	1	1
46059:Rhinanthus:genus	5	6	6	1	12	4	2	2	2	7	0	0	0	0	0	0	0	0	0	0	2	0	0	0	0	0	0	0	0	0	0	2	2	0	2	4	0	5	43
46322:Luzula:genus	0	1	3	7	3	1	2	1	0	1	1	0	0	0	0	0	0	0	0	0	0	0	0	0	0	0	1	0	0	0	3	1	1	0	1	0	2	0	0
46324:Eleocharis:genus	54	37	243	85	280	45	48	11	2	4	1	3	2	0	1	0	0	0	0	0	1	0	1	0	0	0	1	12	6	4	19	29	46	16	132	15	20	42	61
46326:Eriophorum:genus	19	13	17	13	11	5	50	6	4	2	0	1	0	0	0	0	0	0	0	0	0	0	0	0	1	1	1	3	4	1	7	1	5	1	4	2	1	6	5
46786:Polygonum:genus	58	288	89	153	137	69	18	26	0	0	0	1	0	0	1	0	0	0	0	1	0	0	0	0	5	0	0	1	6	3	9	2	8	2	2	5	2	9	30
46968:Thalictrum:genus	0	0	2	1	2	1	16	0	2	2	2	4	1	6	0	1	0	1	1	0	0	0	0	0	0	0	0	0	1	0	1	0	0	0	2	0	0	1	2
48230:Dryas:genus	0	1	0	0	0	0	1	0	0	2	1	0	0	0	1	1	0	0	0	0	0	0	0	0	0	1	1	0	2	1	2	0	2	0	5	0	2	2	7
48525:Corallorhiza:genus	0	1	0	0	1	2	3	0	1	6	5	0	1	2	0	0	0	0	0	0	0	0	0	0	0	0	0	0	0	0	1	1	3	1	0	1	2	0	0
49647:Primula:genus	4	6	6	1	1	1	3	0	8	28	13	6	1	4	1	4	3	2	3	3	0	2	0	0	1	2	1	2	2	0	0	3	6	3	2	7	7	1	4
49669:Paris:genus	1	1	1	1	1	0	0	1	0	4	1	0	0	0	1	2	0	0	2	1	1	1	0	0	1	0	0	0	1	0	1	1	1	0	1	1	0	1	0
49743:Taraxacum:genus	16	39	38	37	57	36	86	17	25	7	4	9	1	4	8	9	5	0	1	4	1	0	4	4	5	2	6	4	8	2	9	6	8	1	3	5	0	4	8
49959:Gentianella:genus	1	0	0	0	0	0	1	0	0	0	0	0	0	0	0	0	0	0	0	0	0	0	0	0	0	0	0	0	0	0	0	0	0	0	0	0	0	0	0
49990:Thymus:genus	28	5	4	4	7	1	1	0	0	1	0	1	0	1	1	0	2	0	0	0	1	0	0	0	3	3	2	2	4	5	5	1	6	6	10	13	10	13	16
50451:Arabis:genus	2	1	0	1	0	0	0	0	0	0	0	0	1	0	0	0	0	0	0	0	1	1	1	0	0	2	0	1	0	0	0	1	0	0	0	0	0	0	0
50460:Cardamine:genus	1	0	0	0	1	1	0	2	0	4	0	0	0	1	0	0	0	0	0	0	0	0	1	0	0	1	0	0	1	0	0	2	2	0	1	1	0	0	0
50752:Comastoma:genus	0	0	0	0	0	0	0	0	1	1	0	0	0	0	0	0	0	0	0	0	0	0	0	0	0	0	0	0	0	0	0	0	0	0	0	0	0	0	0
50798:Gentianopsis:genus	0	0	0	0	0	0	1	0	1	1	0	1	0	0	0	0	0	0	0	0	0	0	0	0	0	0	0	0	0	0	0	0	0	0	0	1	0	0	0
52713:Leymus:genus	0	0	0	1	1	0	1	0	0	1	0	0	0	0	1	1	2	1	0	0	1	0	1	0	0	0	0	0	0	0	0	0	0	0	1	0	0	0	0
52724:Melampyrum:genus	0	0	1	0	2	1	1	2	2	3	3	1	1	0	1	0	0	0	0	0	0	0	0	0	1	1	0	0	1	1	0	0	2	0	1	1	0	0	1
53158:Lamium:genus	0	0	0	0	0	0	0	1	0	0	0	0	0	0	1	1	0	0	1	1	0	0	0	0	0	0	0	0	0	0	0	1	1	0	0	0	0	0	1
55500:Triglochin:genus	2	5	4	14	14	3	0	1	0	0	0	0	0	0	0	0	0	0	0	0	0	1	0	1	0	0	1	0	0	0	0	5	2	0	3	1	0	3	4
57937:Sanguisorba:genus	0	0	0	1	1	0	0	0	1	1	1	1	0	1	0	0	1	0	0	1	0	0	0	0	0	0	0	0	0	0	0	0	1	4	0	0	0	0	0
57946:Sibbaldia:genus	1	1	6	5	1	0	2	0	0	4	1	0	0	0	0	0	0	0	0	0	0	0	0	0	0	0	0	0	0	0	0	0	1	0	0	0	0	1	0
59182:Knautia:genus	0	0	0	0	0	0	0	0	0	0	0	0	0	0	0	0	0	0	0	0	0	0	0	1	0	0	0	0	0	0	0	0	0	0	0	0	0	0	0
59352:Platanthera:genus	0	0	0	1	0	0	0	0	0	0	1	0	0	1	0	0	0	0	0	0	0	0	0	0	0	0	0	0	0	0	0	0	0	0	0	0	0	0	0
61508:Persicaria:genus	2	1	0	2	1	0	0	0	1	0	1	1	1	0	1	0	0	1	0	0	0	0	0	1	0	1	0	0	0	1	0	4	1	0	2	1	1	1	0
63086:Armeria:genus	1	2	2	0	0	1	4	1	137	0	3	0	0	0	1	3	0	0	0	0	0	0	0	0	0	0	0	1	1	2	6	3	0	4	4	1	2	15	3
65352:Erysimum:genus	0	0	0	0	0	0	0	0	0	0	0	0	0	0	0	0	0	0	0	0	0	0	1	0	0	0	0	0	0	0	0	0	0	0	0	1	0	0	0
76514:Trichophorum:genus	0	0	0	0	0	1	0	0	0	0	0	0	0	0	0	0	0	0	0	0	0	0	0	0	0	0	0	0	0	0	0	0	0	0	0	0	0	0	0
83607:Arctostaphylos:genus	0	0	0	0	0	0	0	0	0	0	0	0	0	0	0	0	0	0	0	0	0	0	0	0	0	0	0	0	0	0	0	0	0	0	0	0	0	0	1
85289:Tofieldia:genus	0	0	1	0	0	0	1	0	1	1	0	0	0	0	0	0	0	0	0	0	0	0	0	0	0	0	0	0	0	0	1	0	3	0	1	0	0	0	4
87301:Draba:genus	0	0	0	0	0	0	0	0	0	0	0	0	0	0	0	0	0	1	0	0	0	0	0	0	0	0	0	0	0	0	0	0	0	0	1	1	0	0	0
97204:Cystophora:genus	0	0	0	0	0	0	0	0	0	0	0	0	0	0	0	0	2	0	0	0	0	0	0	0	0	0	0	0	0	0	0	0	0	0	0	0	0	0	0
97854:Cochlearia:genus	0	0	0	0	0	0	0	1	0	1	1	0	0	0	0	0	0	0	0	0	0	0	0	0	0	0	0	0	0	0	0	0	1	1	0	0	0	0	0
99071:Leucanthemum:genus	0	0	0	0	0	0	0	0	0	1	0	0	0	0	2	1	0	0	0	0	0	2	0	0	0	0	1	2	0	0	1	0	0	0	0	0	1	0	1
99107:Tripleurospermum:genus	0	0	1	0	1	0	0	0	0	0	0	0	0	0	2	0	1	0	1	0	1	0	0	0	1	1	0	1	0	0	1	1	0	0	0	0	0	0	1
102745:Hieracium:genus	0	0	0	0	0	0	0	0	0	0	0	0	0	0	0	1	0	0	0	0	0	0	0	0	0	0	0	0	0	0	0	0	0	0	0	0	0	0	0
107590:Montia:genus	0	2	0	1	0	1	1	0	0	0	0	0	0	1	0	0	0	0	0	0	0	0	0	0	0	0	0	0	0	0	0	0	0	0	0	0	1	0	0
122543:Pilosella:genus	0	0	0	1	0	0	0	0	0	0	0	0	0	0	0	0	0	0	0	0	0	0	0	0	0	0	0	0	0	0	0	0	0	0	0	0	0	0	0
137670:Bistorta:genus	53	80	58	53	67	28	95	23	178	29	85	382	24	95	4	2	1	1	0	1	0	1	0	3	2	9	3	3	41	25	65	53	143	29	95	63	26	106	346
137679:Koenigia:genus	12	0	3	0	1	0	0	0	1	2	0	0	1	1	1	0	0	0	0	0	0	0	0	0	0	1	0	0	2	0	0	1	0	0	4	0	1	1	5
137682:Oxyria:genus	0	0	0	2	0	0	1	1	0	2	0	2	0	0	0	0	0	0	1	1	0	0	0	0	0	0	0	0	0	0	0	0	1	1	1	1	0	2	0
157640:Spergularia:genus	0	0	0	0	0	1	0	0	0	0	0	0	0	0	0	0	0	0	0	0	0	0	0	0	0	0	0	0	0	0	0	0	0	0	0	1	0	0	0
175132:Prunella:genus	0	0	0	0	0	0	0	0	0	0	0	0	1	0	0	0	0	0	0	0	0	0	0	0	0	0	0	0	0	0	0	0	0	0	0	0	0	0	0
192333:Myosotis:genus	0	0	0	0	0	0	0	0	1	0	0	0	0	0	0	0	0	0	0	0	0	0	0	0	0	0	0	0	0	0	0	0	0	0	0	0	0	0	0
202994:Rhodiola:genus	0	0	0	1	1	0	4	0	2	13	5	1	0	3	0	1	0	0	1	2	0	0	0	2	0	0	0	0	0	0	0	2	2	1	1	2	1	1	0
211512:Mertensia:genus	0	0	0	0	0	0	0	1	0	1	0	0	0	0	2	7	1	10	0	1	0	0	0	0	0	1	0	0	0	0	0	0	0	0	0	0	0	0	0
225017:Limosella:genus	0	0	0	0	0	0	0	0	0	0	0	0	0	0	1	0	0	0	0	1	0	0	0	0	0	0	0	0	0	0	0	0	0	0	0	0	0	0	0
230723:Sagina:genus	0	0	0	0	0	0	1	0	0	0	0	0	0	0	0	0	0	0	0	0	0	0	0	0	0	0	1	0	0	0	0	1	0	0	0	0	0	0	0
238243:Chamerion:genus	0	0	0	0	0	0	0	0	0	0	0	0	0	0	0	0	0	0	0	0	0	0	0	0	0	0	0	0	0	0	0	0	0	0	0	0	0	1	1
238821:Cryptogramma:genus	0	0	0	0	0	0	0	0	0	0	0	0	0	1	0	1	0	0	0	0	0	0	0	0	0	0	0	0	0	0	0	1	0	0	0	0	0	0	0
240010:Spergula:genus	0	0	1	0	0	0	0	0	0	0	0	0	0	0	0	0	0	0	0	0	0	0	0	0	0	0	0	0	0	0	0	0	0	0	0	0	0	0	0
246706:Stuckenia:genus	24	38	134	38	42	48	36	116	10	0	0	0	0	1	0	0	0	0	0	0	0	3	5	4	50	89	252	125	109	85	193	179	150	30	132	130	47	39	22
265240:Lychnis:genus	0	0	1	0	0	0	0	0	0	1	0	0	0	0	0	0	0	0	0	0	0	0	0	0	0	0	0	0	0	0	0	0	0	0	0	1	0	0	0
368337:Catabrosa:genus	0	3	4	1	7	0	1	0	0	0	0	0	0	0	0	0	0	0	0	0	0	0	0	0	0	0	0	0	0	0	0	0	0	0	0	0	0	0	0
368340:Milium:genus	0	1	1	0	2	0	0	0	0	0	0	0	0	0	0	0	0	0	0	0	0	0	0	0	0	0	0	0	0	0	0	0	0	0	0	0	0	0	0
395100:Comarum:genus	1	0	1	0	3	0	0	0	0	0	0	0	0	0	0	0	0	0	0	0	0	0	0	0	0	0	0	0	0	0	0	0	0	0	0	0	0	0	0
457137:Galeopsis:genus	1	4	3	11	3	6	5	3	1	3	0	0	0	0	0	0	0	0	0	0	0	0	0	0	0	0	0	0	0	0	0	1	0	0	0	1	0	1	2
664070:Subularia:genus	0	0	0	0	1	0	0	0	2	2	1	0	1	2	0	0	1	0	2	0	0	0	0	0	0	0	0	0	0	0	1	0	0	0	0	1	0	0	0
862507:Mus:genus	1523	1851	1693	1715	1495	1630	1880	1551	1155	1415	895	1273	1302	1156	1293	1439	1688	1699	1394	1710	1477	583	681	584	635	1035	606	636	1310	515	915	1143	937	1254	1179	1175	1060	1964	1496
1754163:Omalotheca:genus	0	0	0	0	0	0	0	0	0	0	0	0	0	0	0	0	0	0	0	0	0	0	0	0	0	0	0	0	0	0	0	0	0	0	0	0	0	1	0
