taxa	CGG3_017619	CGG3_017620	CGG3_017621	CGG3_017622	CGG3_017623	CGG3_017624	CGG3_017625	CGG3_017626	CGG3_017627	CGG3_017628	CGG3_017629	CGG3_017630	CGG3_017631	CGG3_017632	CGG3_017633	CGG3_017634	CGG3_017635	CGG3_017636	CGG3_017637	CGG3_017638	CGG3_017639	CGG3_017640	CGG3_017641	CGG3_017642	CGG3_017643	CGG3_017644	CGG3_017645	CGG3_017646	CGG3_017647	CGG3_017648	CGG3_017649	CGG3_017650	CGG3_017651	CGG3_017652	CGG3_017653	CGG3_017654	CGG3_017655	CGG3_017656	CGG3_017657	CGG3_017658	CGG3_017659	CGG3_017660	CGG3_017661	CGG3_017662	CGG3_017663	CGG3_017664	CGG3_017665	CGG3_017666	CGG3_017667	CGG3_017668	CGG3_017669	CGG3_017670
3246:Selaginella:genus	5	5	3	0	5	5	0	4	1	3	5	3	2	8	4	6	2	0	3	4	3	3	2	1	2	3	2	2	1	2	7	2	3	3	1	4	6	1	9	4	4	0	0	0	1	2	1	3	3	8	2	3
3257:Equisetum:genus	16	7	10	8	8	25	3	58	11	30	20	19	15	16	25	6	10	37	21	11	16	14	19	19	39	69	75	91	78	78	28	87	35	23	17	55	74	15	10	23	11	1	2	2	0	0	1	9	1	0	0	19
3278:Polystichum:genus	1	1	0	0	0	0	0	0	0	0	0	0	0	1	0	0	0	0	0	0	0	0	0	0	0	0	0	0	1	0	0	0	0	0	0	0	0	1	1	1	0	0	0	0	0	1	0	0	2	0	0	0
3287:Dryopteris:genus	1	0	1	1	3	1	0	1	1	5	1	3	0	0	1	0	0	0	1	0	1	0	4	1	3	5	2	0	26	2	1	2	2	0	1	1	2	2	0	0	24	0	2	1	1	0	1	1	0	2	1	2
3325:Larix:genus	0	0	0	0	0	0	0	0	0	0	0	0	1	0	0	0	0	1	0	0	0	1	0	1	1	2	0	1	2	0	0	0	0	0	0	0	0	0	0	1	0	0	0	1	0	0	1	0	0	0	0	0
3328:Picea:genus	30	19	28	32	41	35	31	34	31	36	29	33	22	30	24	38	35	26	38	33	42	31	39	40	41	32	37	26	18	29	45	33	21	11	10	11	13	10	16	9	13	6	11	11	18	21	26	84	25	23	22	27
3337:Pinus:genus	2	3	2	2	2	7	2	2	1	1	1	0	1	0	0	0	0	0	3	0	3	4	1	5	3	1	0	2	2	2	1	0	0	0	0	2	1	2	1	2	1	0	0	1	0	0	0	2	2	2	1	1
3445:Ranunculus:genus	26	4	4	5	15	14	29	11	19	25	88	122	25	63	24	21	26	10	26	101	64	45	87	74	122	383	709	656	944	471	33	308	133	108	46	120	2023	3714	5099	1219	287	19	11	7	18	119	195	10	3	4	12	617
3448:Caltha:genus	1	0	0	0	0	0	0	0	1	0	0	0	0	0	0	0	0	0	0	0	0	1	0	0	1	0	0	0	0	0	3	7	3	0	0	1	4	0	0	0	0	0	0	0	0	0	0	0	0	1	0	0
3468:Papaver:genus	0	1	1	0	0	0	0	1	1	0	0	0	0	1	0	0	2	0	0	0	0	1	2	0	1	1	2	0	1	2	2	2	1	1	0	0	0	1	0	0	0	0	1	0	0	0	0	1	1	1	0	1
3500:Urtica:genus	0	0	0	1	0	2	0	0	1	0	1	0	1	2	0	3	2	0	0	2	2	1	0	0	5	5	3	2	6	1	5	3	2	0	1	0	1	0	0	0	1	0	0	1	0	4	2	0	1	0	3	1
3504:Betula:genus	0	0	1	3	1	15	0	5	4	8	14	16	9	2	6	4	2	2	5	13	16	16	25	31	25	47	92	1049	101	68	1	0	0	0	0	1	0	0	0	0	0	0	1	0	0	0	0	0	0	1	0	32
3515:Alnus:genus	0	1	0	0	1	1	0	0	0	0	0	1	0	0	0	0	0	0	0	1	0	1	1	1	2	0	2	19	3	2	2	1	0	0	0	0	0	0	0	0	0	0	0	0	1	1	0	0	0	1	0	1
3550:Atriplex:genus	3	2	0	2	3	4	4	2	4	5	2	4	5	2	0	3	7	4	2	14	6	3	5	5	14	12	12	9	10	11	13	6	0	0	0	0	0	0	0	0	0	0	0	0	0	0	0	2	0	0	0	2
3573:Silene:genus	0	0	3	4	2	0	1	2	4	2	2	3	3	0	2	2	3	4	2	2	2	2	1	1	10	4	6	5	4	3	15	8	25	35	15	29	37	62	32	35	8	0	0	1	1	0	0	1	0	0	0	11
3577:Arenaria:genus	0	0	0	0	1	0	0	0	0	0	0	0	0	0	0	0	0	0	0	0	1	0	0	0	0	0	0	0	0	0	0	0	1	0	0	0	0	0	0	0	0	0	0	0	0	0	0	0	0	0	0	0
3579:Cerastium:genus	0	0	0	0	0	0	0	0	0	0	0	0	0	1	0	0	0	0	0	0	1	0	0	0	0	1	0	0	0	1	1	0	1	1	0	0	0	0	1	0	0	0	0	0	0	0	0	0	0	0	0	1
3618:Rumex:genus	0	1	0	1	0	1	2	0	1	0	0	0	3	1	3	1	8	1	2	0	2	2	2	4	3	6	5	6	8	5	4	34	47	24	18	2	0	1	0	0	0	0	0	0	0	0	0	0	1	0	0	0
3689:Populus:genus	965	940	1017	1807	1697	1988	1768	1376	1597	2442	1399	1527	1912	1437	1417	1477	2271	2500	3363	3045	4160	4059	3812	3930	10061	4722	15052	20512	7245	8388	101165	75492	17355	1359	154	228	199	245	333	285	338	185	233	247	302	403	330	349	342	298	501	8776
3701:Arabidopsis:genus	154	134	142	175	204	155	152	188	158	183	192	152	144	188	136	168	179	137	184	163	205	163	179	221	174	218	188	187	163	136	294	186	124	87	59	86	68	90	142	114	120	47	89	72	110	151	117	128	108	129	170	173
3718:Capsella:genus	0	1	3	0	0	2	1	2	1	4	0	0	0	0	0	1	0	1	0	0	2	1	1	2	0	2	0	0	1	0	7	4	0	1	0	1	0	2	0	1	0	1	0	0	1	0	0	0	2	0	0	2
3746:Fragaria:genus	7	21	3	12	3	6	10	18	7	7	12	11	7	3	5	6	101	21	19	54	78	104	25	8	14	90	125	31	32	30	26	20	10	7	8	7	16	13	17	25	72	2	5	5	6	3	4	2	1	3	5	4
3761:Geum:genus	1	0	0	0	0	1	0	0	0	0	0	0	0	0	0	0	1	0	1	0	0	1	3	0	7	1	19	2	2	0	8	5	18	7	0	1	0	0	0	0	1	0	0	0	0	0	0	0	0	0	0	7
3764:Rosa:genus	3	5	4	4	4	4	1	11	6	2	5	5	6	7	6	4	11	5	5	7	9	9	9	6	5	9	9	15	9	12	8	11	4	3	1	4	6	6	9	3	25	2	1	0	1	4	4	3	3	2	1	4
3784:Sedum:genus	0	0	0	2	0	1	1	1	3	3	2	1	1	3	0	1	1	2	4	5	1	4	1	4	5	5	4	8	7	4	12	2	0	2	4	10	3	0	5	5	34	1	0	6	0	0	0	1	0	1	0	3
3796:Parnassia:genus	2	0	3	1	2	0	2	1	4	8	4	2	7	4	4	2	3	2	4	6	7	8	4	5	7	9	11	6	6	5	17	10	62	41	4	1	5	0	2	0	0	0	1	0	0	1	0	1	0	0	2	2
3798:Saxifraga:genus	2	1	6	1	2	2	1	1	1	4	4	4	2	0	2	1	1	4	2	6	4	8	3	1	9	6	6	4	8	2	58	121	225	356	489	787	280	273	759	466	403	5	4	4	2	0	1	7	1	0	0	52
3801:Ribes:genus	0	1	0	1	1	0	0	0	1	0	0	2	0	0	2	0	2	0	0	0	0	1	0	4	6	6	5	1	4	1	2	1	0	0	1	1	1	1	2	1	0	0	0	0	0	0	0	0	0	0	0	2
3853:Lathyrus:genus	0	1	1	0	0	0	2	0	2	1	1	0	3	0	3	3	3	0	2	3	0	3	2	3	5	5	6	8	6	5	7	7	0	0	0	1	1	0	1	1	2	0	0	0	0	0	1	1	0	0	0	3
3869:Lupinus:genus	2	4	0	1	2	0	2	3	1	1	4	1	0	3	1	0	4	1	0	4	1	4	2	10	8	6	2	9	6	3	8	21	12	12	3	4	4	4	2	4	2	0	0	0	0	1	0	1	2	1	0	3
3898:Trifolium:genus	1	0	1	0	2	1	0	2	2	1	1	3	2	0	1	1	0	2	1	3	7	1	2	3	5	1	2	3	6	2	6	2	3	2	4	6	1	5	6	1	6	0	1	0	2	1	2	2	2	1	1	2
3904:Vicia:genus	0	0	0	0	2	1	1	0	0	0	0	1	0	1	1	0	0	1	0	3	0	0	0	2	2	2	2	2	1	2	3	0	0	2	0	0	0	0	1	0	1	0	0	0	0	0	0	0	0	0	0	3
4005:Linum:genus	0	2	0	2	2	0	0	0	0	1	0	1	0	1	0	2	1	0	0	1	1	4	3	4	2	5	2	1	2	1	9	3	0	1	0	0	2	0	0	0	1	0	0	0	1	0	0	1	1	0	2	1
4028:Geranium:genus	1	3	2	4	6	3	5	2	8	8	10	5	7	6	8	5	16	12	20	30	15	14	29	41	33	49	150	97	51	36	31	16	4	1	0	5	3	2	2	3	2	1	1	0	0	2	0	1	0	1	5	11
4034:Oxalis:genus	0	0	0	2	2	1	1	3	3	3	1	1	1	0	0	2	1	1	3	5	1	2	4	6	4	6	3	8	5	3	8	6	0	2	2	1	1	2	1	2	0	0	0	0	2	1	1	0	0	0	0	3
4048:Hydrocotyle:genus	0	0	0	1	0	0	0	0	0	1	0	0	1	0	0	0	0	0	0	2	0	0	0	0	1	0	0	1	0	0	0	0	0	0	0	0	0	0	0	0	0	0	0	0	0	0	0	0	0	0	0	0
4173:Veronica:genus	0	0	0	1	0	0	0	0	0	1	0	0	0	1	0	0	0	0	1	0	0	0	0	0	0	2	0	0	1	1	1	2	1	1	1	0	16	1	6	3	6	1	0	0	0	1	1	0	0	0	0	1
4197:Pinguicula:genus	1	0	0	0	0	0	0	1	0	0	0	0	0	0	0	0	0	1	0	0	0	2	0	1	1	0	0	0	0	1	0	2	2	0	0	0	0	3	0	0	1	0	0	1	0	0	0	0	1	0	0	0
4281:Cornus:genus	2	0	0	0	0	3	0	0	1	0	0	0	1	1	1	1	0	0	3	6	0	2	0	4	1	5	7	1	3	2	7	2	1	1	1	3	1	1	1	0	2	0	1	1	1	0	0	0	0	1	0	0
4363:Drosera:genus	1	1	0	1	0	1	0	0	5	4	1	1	1	0	0	0	5	1	0	3	3	3	5	3	5	4	5	2	8	3	5	3	0	0	1	0	0	0	1	0	1	0	0	1	0	0	1	0	0	1	0	0
4544:Poa:genus	0	0	0	1	0	0	0	1	0	0	0	0	0	0	0	0	1	1	0	1	1	0	0	1	0	0	2	0	1	0	0	0	0	0	1	1	1	0	1	2	1	0	0	0	2	0	1	0	1	0	0	1
4605:Festuca:genus	4	3	1	30	2	3	4	5	3	1	0	7	3	5	4	4	3	3	7	2	3	2	8	3	0	2	4	8	1	2	4	2	8	9	7	4	14	10	19	25	8	9	1	1	4	2	3	8	1	0	0	4
4678:Allium:genus	0	2	1	1	5	2	2	3	1	3	3	0	0	2	2	3	5	2	3	9	3	5	5	8	12	1	0	8	7	3	9	11	5	8	0	3	6	3	5	1	2	0	1	0	0	0	1	0	1	1	1	1
4729:Sparganium:genus	0	1	0	1	0	0	1	0	0	0	2	1	0	0	0	0	1	0	0	1	1	0	1	1	0	1	0	0	0	0	1	2	0	0	0	0	0	1	1	0	0	0	0	1	0	0	1	0	0	0	0	1
9625:Vulpes:genus	1057	1160	1136	1144	1174	1167	905	1267	1104	1195	1283	1086	1160	1114	1168	1224	1256	859	1152	879	1177	1195	1132	1160	742	1077	987	934	717	833	1339	923	795	545	435	566	508	629	814	787	755	524	688	656	810	1105	828	920	817	737	1122	1073
9639:Ursus:genus	3552	4137	4037	4008	4157	4291	3353	4747	3908	4411	4739	3585	4118	4024	4028	4329	4366	3165	3845	3104	4237	3904	3999	4202	2487	3744	3274	2959	2483	2682	4465	3277	2717	1976	1452	1979	1660	2073	2737	2767	2707	1883	2493	2398	3023	3803	2929	3287	2808	2478	3844	3724
9665:Mustela:genus	736	824	853	793	879	830	751	979	818	926	990	757	851	815	827	864	938	606	841	656	924	776	848	865	556	775	720	605	526	593	898	697	553	407	264	424	348	430	551	580	563	416	532	450	596	748	644	735	559	536	794	718
9789:Equus:genus	6848	7879	7520	7805	8432	8321	6514	8982	7708	8789	9024	6859	7918	7723	7722	8012	8620	5794	7557	6439	8468	7751	8041	8370	5549	7764	6857	6138	5139	5586	9560	7027	5421	4047	2834	4014	3168	4153	5118	5335	5569	3685	4670	4519	5863	7467	5929	6473	5428	5046	7877	7535
9903:Bos:genus	2232	2439	2336	2359	2559	2541	1947	2895	2383	2728	2808	2140	2506	2315	2343	2497	2569	1843	2282	1850	2628	2371	2333	2503	1538	2268	2138	1863	1612	1604	2673	2045	1693	1238	856	1244	1015	1306	1691	1698	1707	1261	1489	1537	1823	2412	1853	2051	1728	1597	2386	2193
9922:Capra:genus	0	0	1	0	0	0	1	1	0	0	0	0	0	0	0	0	0	0	0	0	1	0	0	0	0	0	0	0	0	0	0	0	0	0	0	0	0	0	0	0	0	0	0	0	0	1	0	0	0	0	0	0
9935:Ovis:genus	538	602	631	575	654	617	499	706	582	693	703	542	622	564	627	611	660	446	553	451	665	590	573	646	399	586	522	501	408	431	746	502	421	311	222	303	236	324	375	418	451	300	349	345	410	576	429	520	375	400	591	598
10088:Mus:genus	727	781	828	771	880	915	686	901	825	846	916	682	816	768	803	894	933	640	807	747	972	760	855	1000	680	859	767	722	631	643	1123	850	605	390	274	377	309	432	537	582	577	404	449	468	567	753	595	643	566	540	832	809
10114:Rattus:genus	1213	1453	1327	1377	1544	1511	1170	1620	1431	1556	1609	1222	1465	1358	1349	1556	1560	1103	1386	1153	1617	1388	1457	1557	1047	1390	1212	1203	1018	1031	1617	1290	1020	777	482	720	614	741	1006	1070	1045	685	866	876	1114	1391	1019	1177	966	916	1480	1283
10128:Apodemus:genus	0	0	0	0	0	0	1	0	0	0	0	0	0	0	0	0	0	0	0	0	0	0	0	0	0	0	0	0	0	0	0	0	0	0	0	0	0	0	0	0	0	0	0	0	0	0	0	0	0	0	0	0
13054:Epilobium:genus	0	0	1	1	1	0	0	0	0	0	0	0	0	0	0	1	0	1	0	2	1	1	0	1	5	13	1	2	1	1	2	0	2	1	2	0	5	2	2	0	3	0	0	0	0	0	0	0	0	0	0	1
13100:Juniperus:genus	0	0	0	0	2	0	1	1	0	0	0	3	1	1	0	0	0	2	3	1	1	8	2	4	10	8	14	38	8	14	1	1	0	1	0	0	0	1	1	0	0	1	2	1	1	3	0	1	0	1	1	10
13228:Potamogeton:genus	61	252	21	33	53	25	2	2	2	67	3	4	37	24	4	17	50	87	17	25	113	32	184	2065	1603	320	223	430	360	201	33	1554	1824	937	183	168	2447	591	989	567	1685	87	43	30	43	0	1	0	0	1	1	318
13273:Stellaria:genus	0	0	0	0	0	0	0	0	0	0	0	0	0	0	0	0	0	0	0	0	0	1	0	0	0	0	0	0	1	0	0	0	0	0	0	0	0	0	0	0	0	0	0	0	0	0	0	0	0	0	0	0
13328:Achillea:genus	0	0	0	0	1	1	0	0	0	0	0	0	0	0	0	1	0	0	0	0	0	0	1	1	0	1	1	1	0	2	0	1	0	0	0	0	0	0	0	0	1	0	0	0	0	0	0	0	0	1	0	0
13380:Callitriche:genus	0	0	0	0	0	0	0	0	1	0	1	0	0	0	2	0	0	0	0	0	1	1	2	1	2	2	0	0	2	2	5	16	174	64	12	1	0	0	0	0	0	0	0	0	0	0	0	0	0	0	0	24
13398:Carex:genus	142	124	277	244	559	559	627	192	298	195	499	275	228	483	186	120	487	219	627	774	879	1669	639	334	275	1010	2519	1431	893	743	85	255	363	219	116	19	39	43	14	67	35	5	5	2	5	0	3	3	0	3	1	44
13464:Crepis:genus	0	0	0	0	0	0	0	0	1	0	0	1	0	0	0	0	0	0	0	0	0	0	0	0	0	1	0	0	0	0	0	0	0	0	0	0	0	0	1	0	0	0	0	0	0	0	0	1	0	0	0	0
13486:Diapensia:genus	0	0	0	0	0	0	0	0	0	0	0	0	0	0	0	0	0	0	0	0	0	0	0	0	0	0	0	0	0	0	0	0	0	0	0	0	0	0	0	0	0	0	0	0	0	0	0	1	0	0	0	0
13578:Juncus:genus	3	3	5	1	6	5	2	2	0	1	3	3	3	5	3	2	6	9	8	17	7	10	21	226	20	7	15	18	29	45	8	12	6	5	5	12	10	32	5	3	4	0	0	2	1	0	0	1	2	0	0	8
13648:Puccinellia:genus	0	0	0	0	0	1	0	0	1	0	1	0	1	0	0	0	0	0	0	0	0	0	1	0	0	0	0	0	0	0	0	0	1	0	0	0	0	0	0	0	1	0	0	0	1	0	0	0	0	0	0	0
13650:Pyrola:genus	0	0	0	0	0	0	0	0	0	0	0	0	0	0	0	0	1	0	0	0	0	0	1	0	1	0	2	0	0	1	0	0	0	1	0	0	0	0	0	0	0	0	0	0	0	0	0	0	0	0	0	0
13747:Utricularia:genus	1	0	1	2	1	1	0	0	1	0	0	2	4	1	1	3	2	1	2	11	4	4	5	5	5	8	4	4	3	2	5	7	2	1	0	0	1	1	1	0	1	0	0	0	1	0	0	0	0	0	0	2
13749:Vaccinium:genus	8	8	10	13	11	19	15	7	15	20	34	11	5	16	9	18	17	7	17	27	10	24	16	21	32	47	97	93	123	110	6	5	2	2	4	0	3	1	1	3	0	0	0	0	0	0	0	0	0	0	0	4
13757:Viola:genus	1	1	1	0	1	1	2	2	0	0	1	1	1	0	1	1	2	0	3	4	0	3	1	2	2	9	5	6	3	6	7	3	1	0	1	3	5	1	3	2	1	0	0	0	0	0	0	0	0	0	0	3
13829:Botrychium:genus	0	1	0	0	0	1	0	0	1	0	1	0	1	0	0	0	1	0	2	0	1	1	0	2	0	1	1	1	0	0	0	0	1	0	0	1	0	2	0	0	0	0	0	0	0	0	0	0	0	1	0	0
13833:Ophioglossum:genus	1	1	0	0	1	4	1	1	0	4	3	2	2	2	2	1	2	0	0	4	5	0	2	4	2	2	6	1	3	4	3	4	2	1	1	0	2	6	2	2	1	0	3	1	1	1	2	2	2	2	2	0
13838:Isoetes:genus	42	7	16	318	40	20	49	53	40	55	158	200	135	352	136	2967	239	129	119	233	254	204	394	49	31	146	96	98	249	1261	18	7	1	1	0	0	1	1	1	2	0	2	1	3	2	1	2	3	2	0	3	48
15297:Agrostis:genus	0	0	2	0	0	0	0	0	1	0	0	0	0	0	1	0	3	1	0	1	0	0	0	0	0	0	2	0	0	0	0	0	0	0	0	0	0	0	0	0	0	0	0	0	0	0	0	0	0	0	0	0
15303:Alopecurus:genus	1	0	0	0	0	0	0	0	1	0	0	0	0	0	0	1	1	0	1	0	1	0	0	0	1	0	0	0	1	0	0	0	0	0	0	0	0	0	0	0	0	0	0	1	0	0	0	0	0	0	0	1
15324:Anthoxanthum:genus	0	0	0	1	0	1	0	0	1	0	0	1	1	0	0	0	0	1	0	0	0	1	0	0	1	0	2	0	0	0	0	0	0	0	0	0	0	0	0	1	0	0	0	0	0	0	0	0	0	0	0	0
15376:Calamagrostis:genus	0	1	0	0	0	0	0	0	0	0	0	0	0	0	0	0	0	0	0	0	0	0	0	0	0	0	1	0	0	0	0	0	0	0	0	0	0	0	0	0	0	0	0	0	0	0	0	0	0	0	0	0
15452:Deschampsia:genus	9	7	16	17	9	6	6	17	24	9	8	5	15	13	12	8	7	12	29	17	11	2	8	7	5	2	19	6	11	8	2	5	21	12	8	10	12	7	17	35	31	8	5	7	5	3	12	15	1	1	0	4
15492:Elymus:genus	1	0	0	0	0	0	0	0	0	0	0	0	0	0	0	1	0	0	0	0	0	0	0	0	0	0	0	0	0	0	4	0	0	0	0	0	0	0	0	0	0	0	0	0	0	0	0	0	0	0	0	0
15956:Phleum:genus	0	0	0	0	0	0	0	0	0	0	0	0	0	0	0	0	0	0	0	0	0	0	0	0	0	0	0	0	0	0	0	0	1	0	0	0	0	0	0	0	0	0	0	0	0	0	0	0	0	0	0	0
16365:Ruppia:genus	0	0	0	0	0	0	0	0	2	0	0	0	0	1	0	0	0	1	1	2	0	0	1	5	3	2	1	2	1	4	2	30	22	6	1	3	37	5	15	10	21	1	0	1	1	0	0	0	0	0	0	2
18794:Senecio:genus	0	0	0	0	1	0	0	0	0	1	1	0	0	0	0	0	0	0	0	0	0	0	1	0	0	0	1	0	1	1	1	0	0	0	0	0	0	0	0	0	0	0	0	0	0	0	0	0	0	0	0	0
19952:Valeriana:genus	0	1	1	0	0	0	2	0	2	0	0	0	0	1	0	1	3	0	1	3	0	2	0	1	4	4	2	2	6	1	3	4	1	2	3	0	0	0	0	0	0	0	0	0	0	0	1	2	0	0	3	3
21496:Gentiana:genus	1	5	7	4	4	6	6	6	7	7	9	6	5	5	4	9	14	6	8	17	9	9	14	9	28	28	30	21	16	17	23	15	6	5	2	4	7	5	9	5	7	0	1	1	0	0	0	1	0	3	0	6
21819:Mentha:genus	0	0	0	0	1	1	0	1	0	0	2	0	0	1	0	2	2	0	1	0	0	0	0	2	0	0	0	0	0	0	0	0	0	0	0	0	0	0	0	0	0	0	0	0	1	0	0	0	0	0	4	0
23138:Alchemilla:genus	0	1	1	3	0	0	1	0	0	1	5	1	1	1	4	2	5	4	2	4	1	2	2	3	2	3	91	12	29	1	8	23	0	0	0	0	0	0	1	0	1	0	0	0	0	0	0	0	0	0	0	3
23170:Filipendula:genus	0	0	0	1	0	0	1	0	0	0	0	0	1	1	0	0	1	1	1	5	1	4	9	10	6	18	28	66	21	20	1	1	0	0	0	2	0	0	1	1	0	0	0	0	0	0	0	0	0	0	0	4
23204:Potentilla:genus	0	46	1	2	3	0	0	1	1	1	3	1	2	1	3	1	5	0	0	6	8	13	1	3	6	15	3	9	8	2	7	17	7	13	33	11	32	38	59	99	356	2	0	0	0	1	1	0	0	0	1	7
23204:Argentina:genus	0	46	1	2	3	0	0	1	1	1	3	1	2	1	3	1	5	0	0	6	8	13	1	3	6	15	3	9	8	2	7	17	7	13	33	11	32	38	59	99	356	2	0	0	0	1	1	0	0	0	1	7
23216:Rubus:genus	0	0	0	0	0	3	0	1	2	2	4	1	1	2	2	2	1	6	1	5	2	5	14	0	2	2	1	5	17	3	2	2	1	1	0	0	1	1	1	1	2	1	0	1	1	0	0	1	1	0	0	2
23222:Sorbus:genus	0	0	0	0	0	1	1	0	0	0	0	0	0	0	0	0	0	0	0	0	0	0	0	0	0	0	0	0	0	0	0	0	0	0	0	0	0	0	0	0	0	0	0	0	0	0	0	0	0	0	0	0
24952:Myriophyllum:genus	1398	993	672	1195	1751	1572	1963	1389	2957	2369	2490	2491	1585	1698	1139	2316	3742	1699	3067	5429	3306	2934	3061	4085	9022	7374	5390	5217	6727	4371	9780	4787	100	9	1	7	0	0	4	1	0	1	1	1	0	3	0	7	0	0	6	3180
25168:Galium:genus	1	0	1	2	1	2	0	4	1	15	0	2	1	4	0	1	0	3	4	3	7	0	4	2	3	5	7	11	4	7	2	0	1	0	0	0	0	0	0	1	1	0	0	0	0	0	1	0	0	0	0	0
26867:Plantago:genus	4	2	7	7	2	6	9	4	5	7	5	9	12	17	0	2	2	3	7	26	9	10	10	8	18	12	17	27	37	31	23	42	41	6	3	1	2	2	5	2	1	1	0	1	0	0	1	0	0	1	3	12
27253:Zannichellia:genus	0	0	0	0	0	0	0	0	0	0	0	0	0	0	0	0	0	0	0	0	0	0	0	2	0	0	0	0	0	0	0	0	1	0	0	0	2	0	0	1	1	0	0	0	0	0	0	0	0	0	0	0
27257:Zostera:genus	1	0	0	1	0	1	0	0	1	1	0	0	2	0	0	0	1	0	1	1	0	2	0	8	3	0	2	4	1	2	3	15	17	13	2	2	18	8	2	5	9	0	0	0	0	0	0	0	0	0	1	4
29610:Woodsia:genus	0	0	1	0	0	0	0	1	0	0	0	0	0	0	0	0	0	0	0	0	0	0	0	0	0	0	0	0	0	0	0	1	0	1	0	0	0	0	1	0	0	0	0	0	1	0	0	0	0	0	0	0
32071:Asplenium:genus	3	2	1	1	1	0	0	3	0	0	1	1	1	1	2	2	0	0	0	1	1	2	0	1	0	3	1	1	3	0	3	0	0	0	2	0	1	0	1	0	2	0	0	2	1	2	0	1	0	1	1	0
32109:Athyrium:genus	0	0	0	1	0	1	0	0	0	1	0	0	0	0	0	0	0	0	1	0	0	0	0	0	3	0	0	0	0	1	0	1	0	0	0	0	0	0	0	1	0	0	0	0	0	0	0	0	0	0	0	0
32111:Cystopteris:genus	0	0	0	1	0	0	0	0	0	0	0	2	0	1	0	0	0	0	0	1	0	0	0	0	0	0	1	1	0	0	5	4	1	11	11	2	34	18	10	30	36	0	1	3	1	1	1	0	0	0	0	1
32115:Gymnocarpium:genus	0	0	1	0	0	0	0	0	0	0	0	0	0	0	0	0	0	0	0	0	0	0	0	0	0	0	0	0	0	0	0	0	0	0	0	0	0	0	0	0	0	0	0	0	0	0	0	0	0	0	0	0
37428:Huperzia:genus	2	0	0	1	1	0	1	0	0	0	0	1	0	0	0	0	0	0	0	0	0	0	0	2	1	1	0	0	0	0	0	0	0	0	0	0	0	0	19	0	1	2	1	0	0	0	1	0	0	0	0	1
37871:Glyceria:genus	0	0	1	0	0	0	0	0	0	0	0	0	0	0	0	0	0	0	0	0	0	0	0	0	0	0	0	0	0	0	0	0	0	0	0	0	0	0	0	0	0	0	0	0	0	0	0	0	0	0	0	0
38352:Polypodium:genus	0	0	0	1	0	0	0	1	0	1	0	0	0	1	0	0	2	0	0	0	0	0	0	0	0	1	0	0	0	0	0	0	0	0	0	0	0	0	0	0	0	0	0	1	0	0	0	1	0	0	0	0
38386:Hymenophyllum:genus	1	0	0	0	1	1	2	0	0	1	0	0	1	0	0	0	0	1	0	1	0	1	0	0	0	0	0	1	1	0	3	1	0	0	0	1	1	0	0	0	1	0	0	0	1	1	0	1	0	0	0	0
38595:Ajuga:genus	1	0	1	2	0	1	0	1	1	1	3	1	3	0	2	1	3	1	0	1	2	4	1	0	2	4	7	4	1	3	8	1	2	1	0	2	1	0	1	1	0	0	0	0	0	0	0	0	0	1	0	1
40568:Campanula:genus	4	0	1	0	1	2	1	2	4	2	2	4	3	0	0	1	1	1	0	4	1	1	7	0	8	6	2	3	7	3	6	4	1	1	1	5	0	1	2	2	2	0	0	2	1	1	0	2	1	0	1	3
40685:Salix:genus	66	74	67	124	132	153	159	91	95	221	128	159	168	85	96	86	228	277	324	344	385	409	341	469	806	883	2581	3196	1781	1453	10353	10182	2893	322	0	3	3	1	2	2	2	8	3	0	2	0	0	0	3	1	1	1038
40886:Anthriscus:genus	0	0	0	0	0	0	0	0	0	1	0	0	0	0	0	0	0	0	0	0	1	0	0	0	0	0	0	0	0	0	0	0	0	0	0	0	0	0	0	0	0	0	0	0	0	0	0	0	0	0	0	0
40948:Angelica:genus	0	0	0	0	0	0	0	0	0	1	0	0	0	0	0	0	0	1	0	0	0	2	0	1	1	0	3	1	0	1	0	3	2	0	2	0	1	2	0	1	0	0	0	0	0	0	0	0	0	0	0	0
41475:Antennaria:genus	0	0	0	0	0	0	0	0	0	0	0	0	0	0	0	0	0	0	0	0	0	0	0	0	0	0	0	0	0	0	0	1	0	0	0	0	0	0	0	0	0	0	0	0	0	0	0	0	0	0	0	1
41503:Centaurea:genus	0	0	0	1	0	0	0	0	0	0	0	0	1	0	0	0	0	0	0	1	0	0	2	0	1	0	1	0	0	0	1	0	0	1	0	0	1	0	0	0	0	0	0	1	0	0	0	0	0	0	0	0
41549:Cirsium:genus	0	0	0	0	0	0	0	0	0	0	0	0	0	0	1	0	0	0	0	0	0	0	0	0	1	0	0	0	0	0	0	0	0	1	0	0	0	0	0	0	0	0	0	0	0	0	0	0	0	0	0	0
41574:Erigeron:genus	1	0	0	0	0	0	1	0	2	1	2	1	0	0	0	0	0	0	0	0	4	3	1	3	1	5	3	3	0	2	5	0	2	0	1	1	0	0	0	0	2	0	1	0	0	0	0	1	0	0	1	1
42047:Danthonia:genus	0	0	0	0	0	0	0	1	0	0	0	0	0	0	0	0	0	0	0	0	0	0	0	0	0	0	0	0	0	0	0	0	0	0	0	0	0	0	0	0	0	0	0	0	0	0	0	0	0	0	0	0
43174:Pedicularis:genus	0	1	2	0	1	3	0	0	2	0	1	0	1	0	0	0	3	1	1	2	1	2	3	2	4	3	1	0	2	2	2	2	0	1	0	0	0	0	1	2	0	0	0	1	0	0	0	1	1	0	0	1
45908:Phyllodoce:genus	0	0	0	1	0	0	0	0	0	0	0	0	0	0	0	0	0	0	1	0	0	0	0	0	0	1	0	0	0	0	0	0	0	0	0	0	0	0	0	0	0	0	0	0	0	0	0	0	0	0	0	0
45918:Empetrum:genus	2	1	0	3	2	5	2	7	5	11	9	10	3	4	3	6	14	3	6	4	13	5	8	7	4	13	27	30	18	14	79	85	42	67	35	50	46	56	85	46	17	2	0	0	0	0	0	0	0	0	0	6
46053:Euphrasia:genus	0	1	1	1	1	0	1	0	0	1	1	0	1	3	0	2	0	1	2	0	1	2	3	0	0	0	3	0	0	0	4	18	4	13	4	16	6	7	24	7	1	0	0	0	0	0	0	0	0	0	1	0
46059:Rhinanthus:genus	0	1	2	1	0	1	2	0	1	1	1	1	0	2	1	0	0	0	0	1	0	0	1	0	0	0	0	1	0	1	3	6	3	0	3	0	0	0	0	0	0	0	0	0	0	0	0	0	0	0	0	0
46322:Luzula:genus	0	0	0	1	0	1	2	1	0	0	4	1	2	1	0	0	3	0	0	0	3	1	0	1	1	2	0	1	0	0	0	0	2	0	1	5	5	0	8	6	5	0	0	0	0	0	1	0	0	0	0	1
46324:Eleocharis:genus	0	2	0	3	4	1	2	1	3	2	4	3	0	1	0	3	1	0	3	2	3	6	2	3	4	2	8	6	1	3	3	3	1	5	0	0	2	2	0	0	1	0	0	0	0	0	0	0	0	0	1	0
46326:Eriophorum:genus	2	4	8	11	11	7	40	3	2	5	8	6	6	10	7	4	8	5	6	11	7	10	3	11	6	0	9	9	0	4	0	0	0	0	0	0	0	0	0	0	0	0	0	0	0	0	0	0	0	0	0	0
46786:Polygonum:genus	1	0	2	0	0	1	0	0	0	0	1	0	0	0	0	0	0	0	1	0	1	0	0	1	0	0	0	0	0	1	1	1	0	0	0	0	0	2	1	0	0	0	0	0	0	0	0	0	0	0	0	1
46968:Thalictrum:genus	1	0	0	2	3	3	10	1	2	4	2	2	0	1	3	2	3	1	4	42	14	14	3	15	55	24	55	15	6	4	0	1	0	0	0	0	1	4	2	1	1	0	0	0	0	1	0	1	0	0	0	1
48230:Dryas:genus	0	1	1	2	5	4	3	5	4	21	12	6	7	19	4	1	111	5	6	1	1	5	1	0	1	2	6	2	2	2	0	0	0	0	0	0	0	0	1	0	0	0	0	1	0	0	0	0	0	0	0	0
48525:Corallorhiza:genus	1	0	0	1	0	0	1	2	1	2	1	0	0	1	1	0	0	0	0	1	4	2	0	4	1	3	1	2	1	1	7	3	2	1	0	0	2	0	2	1	3	0	0	0	1	1	0	1	1	0	0	1
49551:Ligusticum:genus	0	0	0	0	0	0	0	0	0	0	0	0	0	0	0	0	0	0	0	0	1	0	0	0	0	0	0	0	0	1	0	0	0	0	1	0	0	0	0	0	0	0	0	0	0	0	0	0	0	0	0	0
49647:Primula:genus	1	3	2	0	4	3	2	3	3	5	1	3	8	3	2	7	4	4	2	7	4	3	7	4	14	12	8	5	6	7	21	4	3	2	3	2	2	0	6	6	1	3	3	1	2	0	1	0	2	1	1	4
49669:Paris:genus	0	0	0	0	0	0	0	0	0	0	0	0	1	2	0	0	0	2	0	1	1	1	0	1	2	2	1	1	3	0	5	2	1	4	0	0	0	0	0	0	1	0	0	0	0	0	0	0	0	1	1	1
49743:Taraxacum:genus	1	0	0	2	0	2	0	2	3	3	0	1	8	1	1	1	3	0	3	8	15	6	3	5	5	14	26	12	11	23	2	2	1	0	0	3	2	2	2	13	2	1	0	0	1	0	0	1	0	0	0	0
49959:Gentianella:genus	0	0	0	0	0	0	0	0	0	0	0	0	0	0	0	0	0	0	0	0	0	0	0	0	0	0	0	0	0	0	0	0	0	0	0	0	0	0	0	0	1	0	0	0	0	0	0	0	0	0	0	0
49990:Thymus:genus	2	3	2	2	5	6	2	11	6	12	41	16	18	17	15	11	65	23	20	24	5	8	10	1	0	6	14	5	3	1	0	0	0	0	0	0	0	0	0	0	0	0	0	0	0	0	0	0	0	0	0	2
50276:Lomatogonium:genus	0	0	0	0	0	0	0	0	0	0	0	0	0	0	0	0	0	0	0	0	0	0	0	0	0	0	0	0	0	0	0	1	0	0	0	0	0	0	0	0	0	0	0	0	0	0	0	0	0	0	0	0
50451:Arabis:genus	0	1	0	1	0	0	0	1	1	0	0	0	0	0	0	0	0	0	1	0	1	0	1	2	1	0	0	0	0	0	1	0	1	0	0	0	0	1	0	0	0	0	0	0	0	0	0	0	2	1	0	0
50460:Cardamine:genus	0	1	1	0	0	0	2	1	0	0	0	0	2	0	1	1	1	1	0	0	1	0	1	2	4	2	0	1	1	0	0	0	0	1	3	0	0	3	4	3	0	2	0	1	0	0	0	0	0	0	0	1
50495:Rorippa:genus	0	0	0	0	0	0	0	0	0	0	0	0	0	0	0	0	0	0	0	0	0	0	0	0	0	0	0	0	0	0	0	0	0	0	0	0	0	0	0	0	0	0	0	0	1	0	0	0	0	0	0	0
50752:Comastoma:genus	0	0	0	0	0	0	0	0	0	0	0	1	0	0	0	0	0	0	0	0	0	0	0	0	0	0	0	0	0	0	0	0	0	0	0	0	0	0	0	1	0	0	0	0	0	0	0	0	0	0	0	0
50798:Gentianopsis:genus	0	0	0	0	0	0	0	0	0	0	0	0	0	0	0	0	0	0	0	0	0	1	1	0	2	0	1	1	1	0	1	0	0	1	0	0	0	0	0	0	0	0	0	0	0	0	0	0	0	0	0	0
52160:Sesleria:genus	0	0	0	0	0	1	0	0	0	0	0	0	0	0	0	0	0	0	0	0	0	0	0	0	0	0	0	0	0	0	1	0	0	0	0	0	0	0	0	0	0	0	0	0	0	0	0	0	0	0	0	0
52713:Leymus:genus	0	0	1	0	0	0	0	0	0	0	1	0	0	0	0	0	1	0	0	0	0	0	0	0	0	0	0	0	0	0	0	0	0	0	0	0	0	0	0	0	0	0	0	0	0	0	0	0	0	0	0	0
52724:Melampyrum:genus	2	0	1	0	0	0	1	0	0	0	0	0	0	2	0	0	1	0	0	1	0	1	1	2	0	1	2	6	2	1	2	2	1	0	1	0	1	0	0	0	0	0	0	0	0	0	0	0	1	0	0	0
53158:Lamium:genus	0	0	0	0	0	0	0	0	1	1	0	0	0	0	0	0	0	1	0	1	0	0	0	1	0	0	0	0	0	0	1	2	0	0	0	1	1	0	0	2	0	0	0	0	0	2	0	0	0	0	0	0
55500:Triglochin:genus	0	1	1	0	0	0	1	0	0	0	4	0	0	0	0	0	0	0	0	0	0	0	0	0	0	0	0	0	0	1	0	0	0	1	0	0	0	0	0	0	0	0	0	0	0	0	0	0	0	0	0	0
57937:Sanguisorba:genus	0	0	0	0	0	0	1	0	0	0	3	0	1	0	0	2	1	0	0	0	0	0	0	0	0	1	0	0	1	0	2	1	0	0	0	0	0	0	0	0	0	0	0	0	0	0	0	0	0	0	0	0
57946:Sibbaldia:genus	0	0	0	0	0	0	0	0	0	0	0	0	0	0	0	0	0	0	0	0	1	1	0	0	0	0	0	0	0	0	0	0	0	0	0	0	0	0	0	0	0	0	0	0	0	0	0	0	0	0	0	1
59182:Knautia:genus	0	0	0	0	0	0	0	0	0	0	0	0	0	0	0	0	0	0	0	0	0	0	0	0	0	0	0	0	0	0	0	0	0	0	0	0	0	0	0	0	0	0	0	0	0	0	0	0	1	0	0	0
59319:Dactylorhiza:genus	0	0	0	0	0	0	0	0	0	2	0	1	0	0	0	1	0	0	0	0	0	0	0	0	0	0	0	0	0	0	0	0	0	0	0	0	0	0	0	0	0	0	0	0	0	0	0	0	0	0	0	0
59352:Platanthera:genus	0	0	0	0	0	0	0	0	0	1	0	0	0	0	0	0	0	0	0	0	0	0	0	0	0	0	1	0	0	0	1	0	1	0	0	0	0	0	0	0	0	0	0	0	0	0	0	0	0	0	0	1
61508:Persicaria:genus	1	1	0	0	1	0	1	1	0	3	0	2	2	2	0	3	2	2	0	2	0	2	1	3	0	2	1	3	1	1	4	2	2	2	1	4	5	7	2	0	2	0	0	1	0	1	0	1	0	0	0	0
63086:Armeria:genus	0	13	0	5	6	3	2	5	3	4	6	9	8	10	4	7	13	3	7	7	4	3	2	0	2	0	8	6	3	3	5	19	22	52	26	23	80	73	16	0	0	0	0	0	0	0	0	0	0	0	0	2
65352:Erysimum:genus	0	1	0	0	0	0	0	1	0	0	0	0	1	1	0	0	0	0	1	2	0	0	1	0	0	0	0	0	0	0	2	0	0	0	1	1	0	0	0	0	0	0	0	0	0	0	0	0	0	0	0	0
76514:Trichophorum:genus	0	0	0	0	0	0	0	0	0	0	0	0	0	0	0	0	0	0	0	0	0	0	0	0	0	0	0	5	0	0	0	0	0	0	0	0	0	0	0	0	0	0	0	0	0	0	0	0	0	0	0	0
83607:Arctostaphylos:genus	0	0	0	0	0	0	0	0	0	0	0	0	0	0	0	0	0	0	0	0	0	0	0	0	2	1	0	0	0	0	0	0	0	0	0	0	0	0	0	0	0	0	0	0	0	0	0	0	0	0	0	0
85289:Tofieldia:genus	0	1	0	0	1	0	0	0	0	0	0	0	0	0	0	0	0	0	0	1	2	0	1	11	12	2	2	2	2	2	3	5	0	0	0	0	0	0	0	0	0	0	0	0	0	1	0	0	0	0	0	1
87301:Draba:genus	0	0	1	0	1	0	0	0	1	0	0	0	0	0	0	0	0	0	0	0	0	0	0	0	0	0	0	0	0	0	0	0	0	0	0	0	0	0	0	0	2	0	0	0	0	0	0	0	0	0	0	0
97204:Cystophora:genus	0	0	0	0	0	0	0	0	0	0	0	0	0	1	0	0	0	0	0	0	0	0	0	0	0	0	0	0	0	0	0	0	0	0	0	0	0	0	0	0	0	0	0	0	1	1	0	0	0	0	0	0
97854:Cochlearia:genus	0	0	0	0	0	0	0	0	0	0	1	0	0	0	0	0	0	0	0	0	0	0	0	0	0	1	1	0	2	0	0	0	0	1	0	0	0	0	0	1	0	0	0	0	0	0	0	0	0	0	0	0
99071:Leucanthemum:genus	0	0	0	0	0	0	0	0	3	0	0	0	0	0	0	0	1	0	1	0	0	0	0	0	0	0	1	1	0	0	0	0	0	0	0	0	0	0	0	0	0	0	0	0	0	0	0	0	0	0	0	0
102745:Hieracium:genus	0	0	0	0	0	0	0	0	0	1	0	0	0	0	0	0	0	0	0	1	0	0	1	0	0	0	5	0	1	0	0	0	0	0	0	0	0	0	0	0	0	0	0	0	0	0	0	0	0	0	1	0
118889:Anthyllis:genus	0	0	0	0	0	0	0	0	0	0	0	0	0	1	0	0	0	0	0	0	1	0	0	0	0	0	0	0	0	0	0	0	0	0	0	0	0	0	0	0	0	0	0	0	0	0	0	0	0	0	0	0
137670:Bistorta:genus	30	24	16	19	28	50	32	17	34	50	44	40	115	27	16	17	54	38	52	52	24	46	44	92	116	223	379	777	251	232	610	734	587	772	662	787	920	1108	502	684	60	1	0	0	0	0	0	0	0	0	0	126
137679:Koenigia:genus	1	0	0	0	3	1	0	0	2	2	2	1	0	2	1	3	3	0	0	0	0	1	1	5	0	3	14	4	1	0	2	1	1	5	3	6	16	7	8	17	57	5	0	0	1	0	0	2	0	0	0	4
137682:Oxyria:genus	0	0	1	0	0	0	1	0	0	0	0	0	2	0	1	1	1	0	1	0	0	1	1	1	0	1	1	1	2	0	3	1	0	0	1	1	2	4	4	14	9	1	1	0	0	0	0	1	0	2	0	0
157640:Spergularia:genus	0	0	0	0	0	0	0	1	0	0	0	0	0	0	0	0	0	0	0	0	0	0	1	1	0	0	0	2	2	3	0	0	1	1	0	3	0	0	0	0	0	0	0	0	0	0	0	0	0	0	0	0
175132:Prunella:genus	0	0	0	0	0	0	0	0	0	0	0	0	0	0	0	0	0	0	0	0	0	0	0	0	0	0	0	0	0	0	0	1	0	0	0	0	0	0	0	0	0	0	0	0	0	0	0	0	0	0	0	0
192333:Myosotis:genus	0	0	0	0	0	0	0	0	0	0	0	0	0	1	0	0	0	0	0	0	0	0	0	0	0	0	0	0	0	0	0	0	0	0	0	0	0	0	0	0	0	0	0	0	0	0	0	0	0	0	0	0
202994:Rhodiola:genus	0	0	2	0	0	0	0	0	2	0	0	2	0	0	0	1	0	0	2	4	1	1	3	3	20	6	27	34	31	16	26	52	96	146	57	1542	117	45	4	0	0	0	0	0	1	1	0	0	0	1	0	4
220482:Cakile:genus	0	0	0	0	0	0	0	0	0	0	0	0	0	0	0	0	0	0	0	0	0	0	0	0	0	0	1	1	0	0	0	0	0	0	0	0	0	0	0	0	0	0	0	0	0	0	0	0	0	0	0	0
230723:Sagina:genus	0	0	0	0	0	0	0	0	0	0	0	0	0	0	0	0	0	0	0	0	0	0	0	0	0	1	0	0	0	0	1	0	0	0	0	0	1	1	0	0	0	0	1	1	0	0	0	0	0	0	0	0
238243:Chamerion:genus	0	0	0	1	0	0	0	1	0	0	0	0	0	0	0	0	0	0	0	1	0	0	0	0	1	1	0	0	0	0	1	0	0	0	0	1	0	0	0	0	0	0	0	0	0	0	0	0	0	0	0	0
238821:Cryptogramma:genus	0	0	0	0	1	0	0	0	0	0	0	0	0	0	0	0	0	0	1	0	0	0	0	0	0	0	0	0	0	0	0	0	0	0	0	0	0	0	0	0	0	0	0	0	0	0	0	0	0	0	0	0
246706:Stuckenia:genus	1	2	0	0	0	0	0	0	0	0	0	0	0	0	0	0	0	0	0	0	0	0	0	4	2	0	0	0	0	0	0	7	2	1	1	0	4	3	1	0	3	0	0	0	0	0	0	0	0	0	0	0
258339:Minuartia:genus	0	0	0	0	0	0	0	0	0	0	0	0	0	0	0	0	0	0	0	0	0	0	0	0	0	0	0	0	0	0	0	0	0	0	0	0	0	0	0	0	0	0	0	1	0	0	0	0	0	0	0	0
260511:Argentina:genus	0	0	0	0	0	0	0	0	0	0	0	0	0	0	0	0	0	0	0	0	0	0	0	0	0	0	0	0	0	0	0	0	0	0	0	0	0	0	0	0	0	1	0	0	0	0	0	0	0	0	0	0
265240:Lychnis:genus	0	0	0	0	0	0	0	0	0	0	0	0	0	0	0	0	0	0	0	0	0	0	0	0	0	0	0	0	0	0	0	0	1	0	0	0	0	0	0	0	0	0	0	0	0	0	0	0	0	0	0	0
368340:Milium:genus	0	0	0	0	0	0	0	0	0	0	0	0	0	0	0	0	0	0	0	0	1	0	0	0	0	0	0	0	0	0	0	0	0	0	0	0	0	0	0	0	0	0	0	0	0	0	0	0	0	0	0	0
457137:Galeopsis:genus	0	0	0	0	0	0	0	0	1	1	0	0	1	1	0	1	0	0	0	0	1	0	2	1	1	1	1	0	3	2	0	0	0	0	0	0	0	0	0	0	1	0	0	0	0	0	0	0	1	0	0	0
664070:Subularia:genus	0	0	0	0	0	0	0	0	1	0	0	0	0	0	0	0	0	0	0	1	0	0	0	0	0	0	1	0	0	0	0	0	0	0	0	0	1	0	1	0	1	0	0	0	0	0	0	0	0	0	0	0
692066:Viscaria:genus	0	0	0	0	0	0	0	0	0	0	0	0	0	0	0	0	0	0	0	0	0	0	0	0	0	0	0	0	0	0	0	0	0	0	0	0	0	0	0	0	0	0	0	0	0	0	0	0	0	0	1	0
862507:Mus:genus	1374	1610	1590	1633	1634	1639	1267	1855	1552	1717	1816	1370	1652	1590	1554	1721	1827	1197	1508	1282	1762	1672	1744	1775	1156	1614	1430	1250	1154	1219	1954	1411	1154	827	487	786	626	804	1179	1117	1101	757	1009	929	1261	1605	1183	1245	1077	982	1605	1548
